4294967278,14
4294967278,13
4294967278,120
4294967278,119
4294967278,112
4294967278,111
4294967278,110
4294967278,12
4294967278,11
4294967278,10
4294967278,9
4294967278,8
4294967278,7
4294967278,6
4294967278,5
4294967278,4
4294967279,132
4294967279,131
4294967279,130
4294967279,129
4294967279,128
4294967279,127
4294967279,126
4294967279,125
4294967279,124
4294967279,123
4294967279,122
4294967279,121
4294967279,120
4294967279,119
4294967279,118
4294967279,117
4294967279,116
4294967279,115
4294967279,114
4294967279,113
4294967279,112
4294967279,111
4294967279,110
4294967279,109
4294967279,108
4294967279,107
4294967279,106
4294967279,105
4294967279,104
4294967279,103
4294967279,102
4294967279,101
4294967294,169
4294967294,170
4294967294,175
4294967294,183
4294967294,173
4294967294,104
4294967294,106
4294967294,166
4294967294,24
4294967294,160
4294967294,168
4294967294,162
4294967294,30
4294967294,937
4294967294,936
4294967294,934
4294967294,933
4294967294,928
4294967294,917
4294967294,826
4294967294,824
4294967294,823
4294967294,822
4294967294,821
4294967294,60
4294967279,303
4294967294,68
4294967294,12
4294967294,11
4294967278,302
4294967278,301
4294967294,89
4294967279,302
4294967278,300
4294967294,83
4294967279,301
4294967278,299
4294967279,175
4294967294,38
4294967294,37
4294967294,36
4294967294,39
4294967294,186
4294967279,173
4294967279,300
4294967278,298
4294967279,172
4294967279,170
4294967279,167
8,5
4294967279,169
8,4
8,3
8,2
8,1
4294967279,299
4294967279,298
4294967294,40
4294967278,297
4294967278,296
4294967294,50
4294967279,297
4294967278,295
4294967279,296
4294967278,294
4294967279,163
4294967279,162
4294967279,295
4294967278,293
4294967279,161
5,4
4294967279,159
4294967279,155
7,5
4294967279,158
7,4
7,3
7,2
7,1
4294967279,275
4294967279,156
4294967278,292
4294967294,898
4294967294,185
4294967294,387
4294967294,468
4294967294,389
4294967294,897
4294967294,107
4294967294,81
4294967294,46
4294967294,1
4294967294,76
4294967294,115
4294967294,386
4294967294,112
4294967294,167
4294967294,161
4294967294,916
4294967279,294
4294967278,291
4294967294,42
4294967279,293
4294967278,290
4294967279,151
4294967294,43
4294967294,423
4294967294,427
4294967294,52
4294967294,51
4294967294,412
4294967294,915
4294967294,92
4294967294,90
4294967294,88
4294967294,86
4294967294,84
4294967294,82
4294967279,150
4294967279,292
4294967278,289
4294967279,149
4,4
4294967279,147
4294967279,145
6,4
4294967279,146
6,3
6,2
6,1
4294967279,291
4294967294,7
4294967294,6
4294967294,22
4294967294,99
4294967294,945
4294967279,290
4294967279,0
4294967294,8
4294967294,5
4294967278,132
4294967278,131
4294967278,130
4294967278,129
4294967278,128
4294967278,127
4294967278,126
4294967278,125
4294967278,124
4294967278,123
4294967278,122
4294967278,121
4294967278,118
4294967278,117
4294967278,116
4294967278,115
4294967278,114
4294967278,113
4294967279,100
4294967279,99
4294967279,98
4294967279,97
4294967279,96
4294967279,95
4294967279,94
4294967279,93
4294967279,92
4294967279,91
4294967279,90
4294967279,89
4294967279,87
4294967279,86
4294967279,85
4294967279,84
4294967279,83
4294967279,82
4294967279,81
4294967279,80
4294967279,79
4294967279,78
4294967279,77
4294967279,76
4294967279,75
4294967279,74
4294967279,73
4294967279,72
4294967279,71
4294967279,70
4294967279,69
4294967279,68
4294967279,67
4294967279,66
4294967279,65
4294967279,64
4294967279,63
4294967279,62
4294967279,61
4294967279,60
4294967279,59
4294967279,58
4294967279,57
4294967279,56
4294967279,55
4294967279,54
4294967279,53
4294967279,52
4294967279,51
4294967279,50
4294967279,49
4294967279,48
4294967279,47
4294967279,46
4294967279,45
4294967279,44
4294967279,43
4294967279,42
4294967279,41
4294967279,40
4294967279,39
4294967279,38
4294967279,37
4294967279,36
4294967279,35
4294967279,34
4294967279,33
